  pr78= [30.7545   96.3243
    1.3401    2.4744
    0.1934    0.2399
    0.1011    0.0932
    0.1025    0.0848
    0.1057    0.0650
    0.0213    0.0122
    0.3273    0.1337
    0.6669    0.1922
    1.1249    0.2390
    0.6816    0.1029
   64.5807    0.0382];

 pr76=[  31.3944   96.3446
    1.3534    2.4600
    0.1942    0.2377
    0.1012    0.0920
    0.1025    0.0839
    0.1055    0.0642
    0.0212    0.0121
    0.3257    0.1320
    0.6626    0.1900
    1.1166    0.2364
    0.6761    0.1018
   63.9467    0.0453];

   srk=[31.3998   96.4283
    1.3572    2.4368
    0.1947    0.2347
    0.1014    0.0909
    0.1027    0.0822
    0.1057    0.0627
    0.0213    0.0118
    0.3264    0.1270
    0.6639    0.1805
    1.1185    0.2223
    0.6770    0.0946
   63.9314    0.0281];

  srksg=[ 31.2455   96.4300
    1.3547    2.4367
    0.1946    0.2347
    0.1014    0.0909
    0.1028    0.0822
    0.1058    0.0626
    0.0213    0.0118
    0.3269    0.1269
    0.6651    0.1802
    1.1207    0.2219
    0.6784    0.0945
    64.08279    0.02773];